MEME version 5.0.4

ALPHABET "DNA" DNA-LIKE
A "Adenine" CC0000 ~ T "Thymine" 008000
C "Cytosine" 0000CC ~ G "Guanine" FFB300
N "Any base" = ACGT
X = ACGT
. = ACGT
V "Not T" = ACG
H "Not G" = ACT
D "Not C" = AGT
B "Not A" = CGT
M "Amino" = AC
R "Purine" = AG
W "Weak" = AT
S "Strong" = CG
Y "Pyrimidine" = CT
K "Keto" = GT
U = T
END ALPHABET

strands: + -

Background letter frequencies (from unknown source):
 A 0.250 C 0.250 G 0.250 T 0.250

MOTIF wt_olap.DREME.1

letter-probability matrix: alength= 4 w= 7
 0.000000 0.000000 0.000000 1.000000
 1.000000 0.000000 0.000000 0.000000
 1.000000 0.000000 0.000000 0.000000
 0.000000 0.000000 0.000000 1.000000
 0.000000 1.000000 0.000000 0.000000
 0.000000 0.559161 0.000000 0.440839
 0.000000 0.401545 0.184327 0.414128

MOTIF e80a_olap.DREME.1

letter-probability matrix: alength= 4 w= 7
 0.000000 0.000000 0.000000 1.000000
 1.000000 0.000000 0.000000 0.000000
 1.000000 0.000000 0.000000 0.000000
 0.000000 0.000000 0.000000 1.000000
 0.000000 1.000000 0.000000 0.000000
 0.000000 0.600290 0.000000 0.399710
 0.000000 0.433301 0.157443 0.409256

MOTIF k88n_olap.DREME.1

letter-probability matrix: alength= 4 w= 7
 0.000000 0.360395 0.264036 0.375569
 0.000000 0.000000 0.000000 1.000000
 0.603945 0.396055 0.000000 0.000000
 1.000000 0.000000 0.000000 0.000000
 0.000000 0.000000 0.000000 1.000000
 0.000000 0.000000 0.000000 1.000000
 1.000000 0.000000 0.000000 0.000000

MOTIF NRL.MA0842.2

letter-probability matrix: alength= 4 w= 13
 0.529161  0.113927  0.205230  0.151682
 0.667349  0.026393  0.116059  0.190199
 0.619793  0.011319  0.022532  0.346356
 0.477914  0.044750  0.027994  0.449341
 0.251028  0.208205  0.293191  0.247576
 0.018959  0.090325  0.002219  0.888497
 0.000037  0.000000  0.999963  0.000000
 0.035654  0.963073  0.000778  0.000495
 0.000000  0.000294  0.000000  0.999706
 0.002576  0.000000  0.960864  0.036560
 0.999853  0.000000  0.000147  0.000000
 0.001555  0.900754  0.018493  0.079198
 0.220398  0.061297  0.533568  0.184736

MOTIF Crx.MA0467.1

letter-probability matrix: alength= 4 w= 11
 0.575584  0.141631  0.218407  0.064378
 0.693371  0.020505  0.198856  0.087268
 0.165474  0.026228  0.701001  0.107296
 0.449690  0.105866  0.392465  0.051979
 0.245589  0.000000  0.750596  0.003815
 0.000000  0.000000  1.000000  0.000000
 0.778255  0.221745  0.000000  0.000000
 0.000000  0.000000  0.000000  1.000000
 0.000000  0.013829  0.000000  0.986171
 0.951359  0.000000  0.000000  0.048641
 0.259418  0.024797  0.632332  0.083453

 